0,514
0,513
0,512
0,511
0,510
0,509
0,508
0,507
0,506
0,505
0,504
0,503
0,502
0,501
0,500
0,499
0,498
0,497
0,496
0,495
0,494
0,493
0,492
0,491
0,490
0,489
59,3
59,2
59,1
59,0
58,3
58,2
58,1
58,0
4,32
4,91
4,79
4,1
4,25
4,2
4,3
6,8
6,5
6,6
6,1
6,4
6,2
6,3
7,8
7,10
7,4
7,9
7,1
7,5
7,2
7,3
5,4
5,2
5,1
5,3
0,488
0,487
0,486
0,485
0,484
0,483
0,482
0,481
0,480
0,479
0,478
0,477
0,476
0,475
0,474
0,473
0,472
0,471
0,470
0,469
0,468
0,467
0,466
0,465
0,464
0,463
0,462
0,461
57,4
57,3
57,2
0,460
57,1
57,0
0,459
0,458
0,457
0,456
0,455
0,454
56,4
56,3
56,2
0,453
56,1
56,0
55,3
55,2
55,1
55,0
54,3
54,2
54,1
54,0
0,452
0,451
0,450
0,449
53,4
53,3
53,2
0,448
53,1
53,0
0,447
52,4
52,3
52,2
52,1
52,0
0,446
0,445
0,444
0,443
51,4
51,3
51,2
51,1
51,0
0,442
